1.000000000 0.000000000 0.000000000 0.000000000 0.000000000 1.000000000 0.000000000 0.000000000 0.000000000 0.000000000 1.000000000 0.000000000
0.999985754 0.001115801 0.005219430 0.000669180 -0.001101093 0.999995410 -0.002819862 0.015154265 -0.005222552 0.002814074 0.999982417 0.006854163
0.999941051 0.004827102 0.009726083 0.000518321 -0.004840821 0.999987304 0.001387565 0.034157656 -0.009719262 -0.001434565 0.999951720 0.014035637
0.999920189 0.005441068 0.011402908 0.000777091 -0.005572534 0.999917984 0.011529218 0.056123007 -0.011339239 -0.011591841 0.999868453 0.020100027
0.999916673 0.005433627 0.011701509 -0.000121305 -0.005713447 0.999695182 0.024013966 0.080373310 -0.011567459 -0.024078824 0.999643087 0.027067648
0.999934971 0.002042277 0.011222563 -0.000778203 -0.002423262 0.999417484 0.034040041 0.105500996 -0.011146506 -0.034065023 0.999357522 0.034526251
0.999927878 0.000852312 0.011984753 -0.001867549 -0.001345862 0.999148548 0.041233867 0.132023603 -0.011939405 -0.041247021 0.999077678 0.041634310
0.999930918 -0.004038348 0.011054576 -0.002289235 0.003521417 0.998917222 0.046388131 0.156793952 -0.011229941 -0.046345986 0.998862326 0.049040884
0.999927223 -0.006556537 0.010129488 -0.002873190 0.006042337 0.998731673 0.049984962 0.181360632 -0.010444371 -0.049920112 0.998698473 0.055088125
0.999931931 -0.007416093 0.009021225 -0.003336176 0.006915531 0.998500347 0.054306433 0.204411656 -0.009410443 -0.054240339 0.998483479 0.061040796
0.999944627 -0.005445878 0.009005654 -0.004065308 0.004898080 0.998200417 0.059769653 0.225853965 -0.009314944 -0.059722234 0.998171449 0.065767705
0.999953985 -0.000640943 0.009575284 -0.004805890 -0.000007149 0.997717321 0.067530885 0.245976254 -0.009596710 -0.067527838 0.997671127 0.070034333
0.999971867 0.000340904 0.007501721 -0.005693673 -0.000931040 0.996889830 0.078804262 0.263722807 -0.007451525 -0.078809038 0.996861815 0.072542079
0.999959767 0.003485988 0.008283661 -0.006644120 -0.004246295 0.995599568 0.093614861 0.280095071 -0.007920868 -0.093646258 0.995573997 0.074794188
0.999967337 0.004108142 0.006954872 -0.006902802 -0.004856301 0.993783712 0.111222662 0.291771263 -0.006454718 -0.111252815 0.993771195 0.076305866
0.999977648 0.003053390 0.005943217 -0.007470170 -0.003787678 0.991799176 0.127749816 0.298630953 -0.005504407 -0.127769485 0.991788685 0.076809660
0.999994278 0.000679039 0.003302813 -0.007813581 -0.001138966 0.989964128 0.141314581 0.296793669 -0.003173708 -0.141317517 0.989959180 0.075505160
0.999999523 0.000493880 0.000762893 -0.009104659 -0.000600069 0.989263058 0.146144852 0.287153721 -0.000682523 -0.146145225 0.989262998 0.071857601
0.999999583 0.000778742 0.000355086 -0.009914638 -0.000821752 0.989580810 0.143976524 0.268674493 -0.000239265 -0.143976763 0.989581048 0.066886365
0.999985933 0.004040083 0.003431148 -0.011208585 -0.004468711 0.990722299 0.135828510 0.243959799 -0.002850557 -0.135841951 0.990726352 0.060832039
0.999899983 0.011120899 0.008739850 -0.011920230 -0.012129559 0.992030740 0.125410959 0.213107020 -0.007275518 -0.125504434 0.992066383 0.053982355
0.999729633 0.017020464 0.015836844 -0.012275931 -0.018698610 0.993455470 0.112679191 0.178553328 -0.013815349 -0.112944841 0.993505120 0.047263183
0.999381423 0.023655415 0.026020730 -0.012598636 -0.026090328 0.994882882 0.097607590 0.140405521 -0.023578629 -0.098226100 0.994884729 0.039831571
0.998855054 0.030657416 0.036721982 -0.013242421 -0.033587687 0.996063173 0.082035527 0.102386855 -0.034062415 -0.083175004 0.995952606 0.032633148
0.998530209 0.035465129 0.040985812 -0.014073369 -0.038157679 0.997029960 0.066896319 0.063728034 -0.038491599 -0.068361908 0.996917844 0.025098011
0.998426497 0.038115717 0.041127697 -0.015325457 -0.040259935 0.997802079 0.052632343 0.027818153 -0.039031181 -0.054205328 0.997766674 0.016955961
0.998529553 0.037491351 0.039155278 -0.017079767 -0.039045829 0.998447657 0.039720539 -0.007553846 -0.037605319 -0.041190986 0.998443425 0.008749114
0.998556435 0.035796572 0.040045701 -0.018284829 -0.036884040 0.998961389 0.026754480 -0.039235033 -0.039046384 -0.028192904 0.998839736 0.001223275
0.998713315 0.030099014 0.040814478 -0.018675039 -0.030569149 0.999472797 0.010943847 -0.067852348 -0.040463552 -0.012177426 0.999106884 -0.004579662
0.998784840 0.026523061 0.041536205 -0.018507099 -0.026335383 0.999640405 -0.005059239 -0.093484141 -0.041655447 0.003959220 0.999124289 -0.011351941
0.998869717 0.022838058 0.041686088 -0.018181568 -0.021901859 0.999500573 -0.022778453 -0.116053581 -0.042185485 0.021839703 0.998871088 -0.017742708
0.998857796 0.024641659 0.040937960 -0.017524056 -0.023097178 0.999019027 -0.037781358 -0.131460994 -0.041828796 0.036792655 0.998447180 -0.023684435
0.998802364 0.024965268 0.042079091 -0.017169135 -0.022918468 0.998563111 -0.048441425 -0.139797106 -0.043227982 0.047419026 0.997939289 -0.027324066
0.998485565 0.029928459 0.046162665 -0.016096188 -0.027568834 0.998321474 -0.050931655 -0.139849126 -0.047609482 0.049581870 0.997634709 -0.028301302
0.998182237 0.035769701 0.048505805 -0.014546040 -0.033530407 0.998368382 -0.046218868 -0.130878806 -0.050079897 0.044508435 0.997753084 -0.027490759
0.997829437 0.041636806 0.051019091 -0.012863323 -0.039828528 0.998559237 -0.035961736 -0.113212630 -0.052442912 0.033851661 0.998050034 -0.023453902
0.997866333 0.038365107 0.052829012 -0.011450179 -0.037167888 0.999033570 -0.023461491 -0.090934463 -0.053678062 0.021447888 0.998327911 -0.017348632
0.998074710 0.035506357 0.050855473 -0.009315325 -0.035025287 0.999333024 -0.010319907 -0.064254731 -0.051187977 0.008518809 0.998652756 -0.008909968
0.998274624 0.030903384 0.049927510 -0.007657399 -0.030936399 0.999521315 -0.000111535 -0.034979936 -0.049907058 -0.001433235 0.998752892 -0.000861357
0.998262584 0.033290192 0.048617195 -0.005705951 -0.033671658 0.999408126 0.007048380 -0.003488338 -0.048353776 -0.008673143 0.998792708 0.007593522
0.998511016 0.029777525 0.045707803 -0.002921517 -0.030283885 0.999486983 0.010425895 0.028603675 -0.045373898 -0.011794576 0.998900533 0.016867459
0.998775542 0.029564295 0.039666437 -0.001252485 -0.030116471 0.999456644 0.013395572 0.061475508 -0.039248854 -0.014573777 0.999123216 0.024083445
0.998898983 0.028238049 0.037459437 0.000087921 -0.028934488 0.999415934 0.018181771 0.094499744 -0.036924135 -0.019245619 0.999132752 0.031606983
0.999138892 0.023739539 0.034029946 0.000189789 -0.024682891 0.999314964 0.027574597 0.128905982 -0.033352032 -0.028390808 0.999040365 0.039235566
0.999040902 0.021115016 0.038361140 0.000559710 -0.022680311 0.998908281 0.040838007 0.161066175 -0.037456971 -0.041668877 0.998429120 0.047246385
0.998954654 0.017378967 0.042280361 0.000944949 -0.019759653 0.998203754 0.056556936 0.190805033 -0.041221514 -0.057333261 0.997503579 0.054695707
0.998785675 0.017510533 0.046050537 0.000670020 -0.020889156 0.997043908 0.073940873 0.216593206 -0.044619653 -0.074813038 0.996198833 0.059520729
0.998791575 0.018652886 0.045471378 0.000150064 -0.022747125 0.995567918 0.091253355 0.238025784 -0.043567702 -0.092177413 0.994788945 0.063604362
0.998980522 0.017156158 0.041758448 -0.000979504 -0.021508727 0.994120538 0.106122360 0.253199846 -0.039692272 -0.106912337 0.993475854 0.066137165
0.999103248 0.017669640 0.038475301 -0.002371331 -0.022088338 0.992811620 0.117631391 0.261364490 -0.036120221 -0.118375756 0.992311597 0.067899585
0.999182701 0.017749466 0.036317054 -0.003787398 -0.022152558 0.991950095 0.124676019 0.260294765 -0.033811774 -0.125378624 0.991532624 0.066854939
0.999254942 0.018840410 0.033682503 -0.005450931 -0.022970451 0.991666079 0.126770526 0.250299484 -0.031013379 -0.127449781 0.991360068 0.064251766
0.999345064 0.017199988 0.031837992 -0.007695865 -0.020954674 0.992354274 0.121630497 0.232548505 -0.029502524 -0.122217990 0.992064655 0.059850991
0.999389946 0.016889285 0.030569790 -0.009914601 -0.020131931 0.993828893 0.109081343 0.208856300 -0.028538834 -0.109630220 0.993562639 0.053323612
0.999405801 0.016267670 0.030387960 -0.011678454 -0.019037537 0.995464921 0.093205579 0.181613207 -0.028733909 -0.093728691 0.995182991 0.047247656
0.999210536 0.021121830 0.033648912 -0.013065736 -0.023770329 0.996482372 0.080360174 0.151156098 -0.031833194 -0.081096575 0.996197641 0.040408101
0.999065697 0.022110403 0.037134275 -0.014194249 -0.024683148 0.997219265 0.070316881 0.119164906 -0.035476275 -0.071167767 0.996833205 0.033094306
0.998705685 0.026993552 0.043107208 -0.014408409 -0.029724760 0.997505248 0.064028248 0.086439185 -0.041271318 -0.065226734 0.997016728 0.024815544
0.998485148 0.026600625 0.048165984 -0.014358564 -0.029443346 0.997805476 0.059305236 0.054064918 -0.046482727 -0.060633563 0.997077227 0.016515810
0.998398542 0.025510669 0.050492603 -0.013869111 -0.028262939 0.998110116 0.054566853 0.021521345 -0.049005143 -0.055906534 0.997232735 0.008863628
0.998247504 0.022086550 0.054901324 -0.013231974 -0.024731053 0.998542845 0.047965050 -0.011600665 -0.053761952 -0.049238756 0.997339070 0.001503381
0.997979879 0.017151805 0.061170712 -0.011568151 -0.019520743 0.999073923 0.038341578 -0.042941123 -0.060456447 -0.039458219 0.997390687 -0.005210605
0.997466445 0.012638886 0.070006557 -0.009729563 -0.014428922 0.999580204 0.025123075 -0.075410128 -0.069659643 -0.026069541 0.997230172 -0.012184461
0.997029960 0.008624632 0.076530397 -0.007915884 -0.009316023 0.999918938 0.008681815 -0.105482183 -0.076449312 -0.009368988 0.997029483 -0.019669777
0.996754467 0.008841675 0.080014452 -0.005926859 -0.008205903 0.999932230 -0.008271044 -0.130578384 -0.080082156 0.007587609 0.996759355 -0.026040329
0.996452034 0.009690369 0.083603643 -0.004855497 -0.007617735 0.999656558 -0.025074665 -0.150458679 -0.083817929 0.024348827 0.996183634 -0.031617019
0.996440351 0.012393474 0.083385535 -0.004223702 -0.009447047 0.999320090 -0.035637245 -0.163340345 -0.083770506 0.034722634 0.995880008 -0.038027093
0.996235192 0.014908071 0.085399941 -0.004713438 -0.011489036 0.999118030 -0.040388096 -0.169572249 -0.085926741 0.039254874 0.995527804 -0.039933290
0.995804310 0.019598054 0.089383490 -0.003771903 -0.015994783 0.999037147 -0.040852167 -0.166655064 -0.090098038 0.039251097 0.995159149 -0.038438283
0.995650232 0.023088453 0.090263255 -0.002725187 -0.019687023 0.999068797 -0.038393933 -0.155875251 -0.091065653 0.036449920 0.995177567 -0.035749678
0.995776713 0.024715865 0.088418633 -0.001363836 -0.021713533 0.999159873 -0.034758192 -0.138652176 -0.089203425 0.032691516 0.995476782 -0.030015439
0.995901108 0.025013465 0.086920433 -0.001093114 -0.022404557 0.999272525 -0.030862037 -0.116844915 -0.087629169 0.028788121 0.995737076 -0.024191316
0.996001005 0.025801469 0.085535251 -0.000253882 -0.023681901 0.999389172 -0.025702957 -0.092170931 -0.086146183 0.023574535 0.996003509 -0.017053423
0.996473074 0.023342777 0.080601186 0.003557886 -0.021709172 0.999541998 -0.021085033 -0.061954863 -0.081056446 0.019260881 0.996523380 -0.006362706
0.996764719 0.026779009 0.075783417 0.006197054 -0.025728272 0.999559283 -0.014807642 -0.029337430 -0.076146543 0.012809958 0.997014344 0.003384157
0.996995211 0.027101092 0.072567940 0.007643048 -0.026574733 0.999613106 -0.008209226 0.003609383 -0.072762340 0.006256085 0.997329712 0.012513516
0.996928751 0.030727100 0.072034039 0.010148797 -0.030829139 0.999524653 0.000304865 0.038287617 -0.071990430 -0.002524676 0.997402132 0.022046961
0.996473253 0.033575881 0.076901004 0.012870573 -0.034563400 0.999335825 0.011546352 0.072471611 -0.076462246 -0.014163590 0.996971905 0.032104403
0.997003496 0.029823415 0.071376204 0.013163460 -0.031911165 0.999090195 0.028290380 0.106034294 -0.070467547 -0.030483309 0.997048259 0.040422622
0.997457981 0.021153467 0.068045780 0.013422840 -0.024562145 0.998464286 0.049653687 0.139148161 -0.066890948 -0.051198818 0.996445894 0.048413243
0.997893512 0.012092306 0.063737810 0.013584835 -0.016710285 0.997233748 0.072425216 0.169538394 -0.062685721 -0.073337734 0.995335221 0.055417985
0.998006463 0.006036083 0.062823117 0.014278939 -0.011860645 0.995618105 0.092758290 0.196596757 -0.061987929 -0.093318500 0.993704617 0.061039776
0.998038828 0.004095663 0.062465392 0.014792795 -0.010844596 0.994082093 0.108090267 0.221192583 -0.061653011 -0.108555667 0.992176592 0.066357717
0.997892618 0.010163534 0.064087316 0.015488826 -0.017733568 0.992773771 0.118683472 0.241558284 -0.062417965 -0.119569845 0.990861773 0.070229985
0.997941315 0.016779093 0.061900552 0.015266785 -0.024431556 0.991853178 0.125020817 0.258779526 -0.059298530 -0.126275778 0.990221262 0.073109746
0.998256803 0.019645358 0.055655692 0.014444349 -0.026636019 0.991443336 0.127791569 0.270134926 -0.052668944 -0.129051253 0.990238249 0.074038200
0.998565257 0.022078987 0.048785646 0.012578436 -0.028148068 0.991446018 0.127446592 0.275393158 -0.045554437 -0.128636986 0.990644932 0.073391333
0.998856485 0.021603387 0.042651802 0.011152956 -0.026889039 0.991470814 0.127524734 0.272890925 -0.039533053 -0.128525764 0.990917861 0.072025120
0.998975992 0.023131693 0.038884543 0.009839247 -0.027938418 0.991379619 0.128007725 0.263016075 -0.035588305 -0.128963009 0.991010547 0.069451630
0.999009550 0.024232112 0.037319027 0.009023684 -0.028811991 0.991415977 0.127531558 0.246036023 -0.033908322 -0.128480509 0.991132200 0.065411538
0.999009848 0.024619393 0.037057515 0.007672530 -0.029054664 0.991813004 0.124348886 0.223985642 -0.033692740 -0.125302464 0.991546333 0.060180224
0.999001741 0.024638416 0.037262436 0.006237018 -0.028949441 0.992354989 0.119972996 0.198024616 -0.034021623 -0.120931953 0.992077529 0.054445922
0.998823702 0.027725875 0.039781015 0.005407772 -0.032198641 0.992656887 0.116600417 0.168487698 -0.036256049 -0.117744155 0.992381871 0.049181394
0.998247087 0.034826797 0.047850799 0.005259413 -0.040044162 0.992810488 0.112799890 0.135463104 -0.043578316 -0.114518337 0.992464781 0.043670669
0.997749507 0.039479613 0.054197133 0.006052841 -0.045055628 0.993360996 0.105849288 0.101086400 -0.049658421 -0.108052969 0.992904067 0.037318919
0.997465312 0.041470222 0.057817824 0.006030832 -0.046863470 0.994346738 0.095280603 0.065776616 -0.053539656 -0.097748652 0.993769944 0.031486209
0.997310758 0.040597200 0.061017938 0.005752173 -0.045560986 0.995566249 0.082291402 0.027493943 -0.057406612 -0.084850140 0.994738698 0.024523985
0.997051179 0.039592985 0.065737039 0.005259102 -0.043843955 0.996951818 0.064535424 -0.008271791 -0.062981516 -0.067227289 0.995747924 0.019328013
0.996631920 0.037481118 0.072938964 0.004753175 -0.040748335 0.998207510 0.043833338 -0.044838991 -0.071165308 -0.046657838 0.996372700 0.011985601
0.996128201 0.037999775 0.079276912 0.003389021 -0.039880466 0.998956084 0.022275575 -0.079292022 -0.078347713 -0.025350921 0.996603787 0.003627413
0.995493770 0.038439829 0.086686127 0.003314497 -0.038732752 0.999248087 0.001699079 -0.108646363 -0.086555645 -0.005049014 0.996234238 -0.002611485
0.995185137 0.039014071 0.089914382 0.002389238 -0.037830073 0.999174058 -0.014835500 -0.136695921 -0.090418905 0.011362598 0.995839059 -0.010950599
0.995162189 0.035035782 0.091785699 0.000957208 -0.032568578 0.999070346 -0.028241778 -0.159841537 -0.092689857 0.025115818 0.995378196 -0.018734885
0.995355785 0.032052506 0.090771973 -0.000898093 -0.028698759 0.998864949 -0.038014561 -0.176662549 -0.091887400 0.035232972 0.995145798 -0.024110457
0.995326042 0.026284397 0.092926085 -0.002305665 -0.022437269 0.998856962 -0.042205092 -0.188821048 -0.093929201 0.039922819 0.994778037 -0.030434661
0.995038867 0.024063241 0.096533753 -0.002556011 -0.020082217 0.998915672 -0.042001523 -0.190922052 -0.097439781 0.039854527 0.994443178 -0.030922033
0.994777799 0.021175245 0.099844739 -0.001623194 -0.017367354 0.999093950 -0.038854379 -0.187844828 -0.100577027 0.036917429 0.994244158 -0.027732197
0.994706690 0.020391468 0.100711294 -0.003194953 -0.017035399 0.999274194 -0.034072064 -0.178977847 -0.101332985 0.032176048 0.994332135 -0.025259025
0.994222939 0.019201243 0.105603844 -0.001926042 -0.016258365 0.999457061 -0.028657839 -0.163178340 -0.106096782 0.026775330 0.993995249 -0.018766753
0.993614495 0.019852042 0.111067474 0.000278533 -0.017445769 0.999592423 -0.022595128 -0.143079028 -0.111470774 0.020513192 0.993555963 -0.010572111
0.992819488 0.025233494 0.116931051 0.003907531 -0.023582969 0.999602020 -0.015477715 -0.121313050 -0.117275089 0.012608994 0.993019342 -0.003646076
0.992154181 0.030279091 0.121299192 0.007384097 -0.029279666 0.999521077 -0.010013683 -0.096736006 -0.121544309 0.006383517 0.992565453 0.005113463
0.991511047 0.039336249 0.123929173 0.009392830 -0.039133575 0.999225616 -0.004070176 -0.071297787 -0.123993322 -0.000814170 0.992282748 0.012437519
0.991219521 0.043061215 0.125018492 0.012377342 -0.043807324 0.999034822 0.003223704 -0.045663975 -0.124759004 -0.008672126 0.992149234 0.021760451
0.991862059 0.046276636 0.118609414 0.014533281 -0.048073824 0.998767614 0.012334540 -0.018819433 -0.117892444 -0.017936161 0.992864490 0.029754838
0.992412686 0.047708463 0.113317862 0.016382720 -0.050630637 0.998451352 0.023049343 0.007392980 -0.112042740 -0.028611805 0.993291557 0.034965452
0.993624806 0.048693378 0.101679817 0.017929245 -0.052476365 0.998013377 0.034866128 0.032180615 -0.099780083 -0.039979633 0.994206071 0.037677482
0.994961917 0.047074668 0.088514104 0.018796610 -0.051412020 0.997553110 0.047376908 0.054823417 -0.086067267 -0.051688917 0.994947493 0.038440339
0.996144593 0.042998973 0.076465443 0.018131973 -0.047747001 0.996971130 0.061389536 0.073536783 -0.073594145 -0.064803846 0.995180547 0.036813281
0.997277439 0.037094936 0.063732199 0.018153125 -0.041947633 0.996181130 0.076572798 0.088282168 -0.060648352 -0.079037726 0.995025039 0.033445932
0.997982621 0.030477960 0.055694323 0.018408628 -0.035557125 0.995067477 0.092608400 0.098613419 -0.052597098 -0.094401903 0.994143724 0.029928081
0.998674035 0.021873312 0.046602845 0.017796259 -0.026834754 0.993717968 0.108647168 0.106643006 -0.043933615 -0.109753698 0.992987394 0.026064511
0.999127388 0.014435207 0.039193377 0.017142396 -0.019328982 0.991649151 0.127507657 0.110913590 -0.037025485 -0.128153980 0.991062939 0.021426417
0.999399841 0.008015743 0.033700977 0.016678516 -0.012859688 0.989189804 0.146075249 0.113096274 -0.032165758 -0.146420985 0.988699377 0.015582738
0.999407828 0.002891266 0.034284018 0.016227925 -0.008585250 0.985898554 0.167123660 0.113589942 -0.033317357 -0.167319089 0.985339642 0.010740004
0.999168813 -0.002142518 0.040705763 0.015966300 -0.005678862 0.981562316 0.191057876 0.113641068 -0.040364586 -0.191130251 0.980734348 0.007426424
0.998536587 -0.005852455 0.053759724 0.016325144 -0.005876119 0.976497650 0.215448052 0.113475464 -0.053757139 -0.215448707 0.975034297 0.004905842
0.997732878 -0.011242240 0.066351935 0.015133871 -0.004798327 0.971554816 0.236766204 0.112431511 -0.067126334 -0.236547828 0.969298303 0.002047243
0.996934116 -0.017762594 0.076201178 0.013096616 -0.002286012 0.966863155 0.255284756 0.110971615 -0.078210637 -0.254676342 0.963858306 -0.000902375
0.996488810 -0.023819065 0.080265187 0.010414881 0.001044361 0.962140024 0.272553742 0.109048538 -0.083718315 -0.271512985 0.958786666 -0.004865550
0.996333420 -0.027867641 0.080888465 0.008193246 0.003147565 0.956762433 0.290853441 0.108477041 -0.085496441 -0.289532423 0.953342199 -0.009435499
0.996060371 -0.034466900 0.081705563 0.006546926 0.007471531 0.950717270 0.309968948 0.108000167 -0.088362552 -0.308137268 0.947229385 -0.013421424
0.995802999 -0.039868679 0.082383603 0.005505323 0.010497597 0.943948627 0.329925388 0.108309858 -0.090919584 -0.327675790 0.940405309 -0.018818373
0.995534599 -0.047343217 0.081667967 0.005021551 0.015872180 0.936775804 0.349570066 0.108446322 -0.093054347 -0.346712768 0.933344066 -0.024592569
0.995555401 -0.048211291 0.080902286 0.005501494 0.015129036 0.929748893 0.367883325 0.109735981 -0.092954956 -0.365024179 0.926345885 -0.030798495
0.995607018 -0.047945809 0.080422908 0.006739628 0.013496954 0.923461556 0.383453488 0.110308290 -0.092652462 -0.380683482 0.920051992 -0.036649395
0.995916128 -0.046799753 0.077206947 0.009104316 0.012487971 0.918347120 0.395578980 0.110053167 -0.089415774 -0.392999291 0.915181100 -0.041709486
0.996186435 -0.046134029 0.074055694 0.012382417 0.012453292 0.915265918 0.402657747 0.108677782 -0.086356878 -0.400199950 0.912349999 -0.045371223
0.996152759 -0.047590889 0.073583901 0.016780602 0.013867586 0.914714277 0.403863192 0.106348552 -0.086528450 -0.401289016 0.911855280 -0.047426376
0.996292353 -0.046887696 0.072132513 0.021146813 0.014209326 0.916600645 0.399551451 0.103915207 -0.084850758 -0.397045076 0.913868487 -0.048399348
0.996578813 -0.047558803 0.067592956 0.025301129 0.017279722 0.919668674 0.392314970 0.102144107 -0.080821157 -0.389804810 0.917344093 -0.048272565
0.996850729 -0.047067784 0.063822940 0.030021211 0.018924952 0.922755957 0.384919882 0.100268982 -0.077010334 -0.382499814 0.920740724 -0.046840124
0.997059882 -0.044664297 0.062263221 0.033607513 0.017899672 0.925834417 0.377505302 0.099803261 -0.074506447 -0.375280887 0.923911870 -0.045156669
0.997436523 -0.039320510 0.059786223 0.035535149 0.014273258 0.928032160 0.372226596 0.099553362 -0.070119679 -0.370419085 0.926214337 -0.043147359
0.997769535 -0.036201090 0.056083348 0.036677659 0.013064710 0.929828703 0.367760539 0.099308282 -0.065461248 -0.366207540 0.928227782 -0.041006815
0.998178065 -0.029606516 0.052573700 0.037452728 0.008336778 0.930653512 0.365806788 0.098403037 -0.059758171 -0.364702016 0.929204762 -0.038710739
0.998379052 -0.027029332 0.050087042 0.038372133 0.006758105 0.930108666 0.367222130 0.097374871 -0.056512162 -0.366288304 0.928783715 -0.036415812
0.998568952 -0.022993896 0.048283599 0.039988060 0.003424244 0.928486168 0.371351272 0.096747234 -0.053369466 -0.370654434 0.927236199 -0.033745751
0.998674333 -0.019820036 0.047504526 0.042965628 0.000527077 0.926783383 0.375595838 0.096067198 -0.051470730 -0.375072926 0.925565302 -0.031424552
0.998744726 -0.018962290 0.046360705 0.046775024 0.000024410 0.925755203 0.378123194 0.095456392 -0.050088760 -0.377647400 0.924593747 -0.028497711
0.998683929 -0.020066818 0.047198478 0.052328315 0.000637966 0.925068021 0.379801214 0.095001593 -0.051283196 -0.379271299 0.923863351 -0.025552165
0.998608589 -0.022546927 0.047670506 0.060182974 0.002699857 0.924660206 0.380783617 0.094288878 -0.052664526 -0.380125105 0.923434496 -0.022359330
0.998468995 -0.024305820 0.049687251 0.069819696 0.003450856 0.923904777 0.382606983 0.093001664 -0.055205874 -0.381849706 0.922574282 -0.018961657
0.998295665 -0.027053064 0.051709469 0.080724321 0.005141406 0.923388004 0.383833587 0.092055544 -0.058131777 -0.382913530 0.921953321 -0.016088797
0.998100042 -0.031435948 0.052991286 0.093316704 0.008560933 0.922464967 0.385985911 0.090898931 -0.061016440 -0.384798914 0.920981407 -0.013141604
0.997922719 -0.036275178 0.053238839 0.107909903 0.012807462 0.921615899 0.387891978 0.089963078 -0.063136607 -0.386404306 0.920165956 -0.010532722
0.997740686 -0.040581778 0.053540811 0.124352261 0.016601201 0.921157956 0.388834834 0.088536024 -0.065099165 -0.387067467 0.919750452 -0.008939799
0.997374177 -0.044643674 0.057023335 0.141315281 0.019005088 0.921145082 0.388755232 0.086556539 -0.069882222 -0.386650622 0.919574738 -0.006553903
0.996936977 -0.049206842 0.060789622 0.159344733 0.022104729 0.922858179 0.384505033 0.084537357 -0.075020477 -0.381983489 0.921119153 -0.004411660
0.996349037 -0.054536730 0.065684460 0.178149238 0.025763243 0.925572634 0.377692461 0.082476042 -0.081393853 -0.374621183 0.923598349 -0.002090681
0.995584905 -0.060730498 0.071571469 0.196865946 0.029891072 0.927922130 0.371573657 0.079590783 -0.088978603 -0.367793858 0.925640523 0.000486042
0.994760156 -0.065587804 0.078425400 0.215688020 0.032308027 0.929457068 0.367512614 0.076948866 -0.096997395 -0.363053143 0.926705897 0.002828747
0.993970633 -0.071077973 0.083486252 0.234715268 0.035809647 0.930110812 0.365529001 0.076150894 -0.103632540 -0.360335529 0.927048326 0.004738390
0.993119657 -0.074816935 0.090087302 0.252373129 0.036701560 0.929394305 0.367259204 0.076973893 -0.111203827 -0.361425996 0.925745606 0.006844722
0.992118657 -0.078579761 0.097600624 0.270252705 0.036559902 0.926563978 0.374356240 0.077830039 -0.119850047 -0.367837518 0.922134161 0.008207373
0.990944505 -0.081013367 0.107078709 0.286969870 0.033799805 0.922299266 0.384995639 0.079120308 -0.129948407 -0.377890080 0.916685522 0.009311922
0.989669859 -0.087297209 0.113722086 0.301437765 0.035677101 0.918246686 0.394398540 0.080740787 -0.138854817 -0.386267066 0.911875546 0.010817125
0.989352405 -0.090110153 0.114288911 0.314265966 0.037065357 0.915385544 0.400868416 0.082542345 -0.140740737 -0.392364025 0.908978820 0.011778783
0.989212155 -0.089729913 0.115792833 0.325521529 0.035595395 0.913988411 0.404176116 0.084745131 -0.142099991 -0.395694196 0.907322168 0.013058610
0.989440799 -0.088828258 0.114528075 0.334776133 0.035184707 0.913754761 0.404739797 0.086711206 -0.140602887 -0.396436334 0.907231510 0.014130816
0.989543796 -0.089162849 0.113371357 0.341439307 0.036204498 0.914416134 0.403153092 0.088302791 -0.139614865 -0.394833028 0.908082902 0.014958620
0.989749134 -0.090477645 0.110501140 0.346241891 0.039036803 0.915649176 0.400078624 0.089168295 -0.137378439 -0.391663790 0.909794867 0.015535928
0.990149021 -0.089819357 0.107412070 0.348480076 0.040204797 0.917211473 0.396366954 0.090263739 -0.134121016 -0.388143927 0.911787152 0.015797637
0.990106046 -0.092218556 0.105763301 0.349100322 0.043492310 0.918283463 0.393527597 0.090975225 -0.133411258 -0.385034084 0.913208723 0.015604883
0.989979684 -0.093593791 0.105736792 0.347422302 0.044946965 0.918706119 0.392376155 0.091745220 -0.133864999 -0.383691877 0.913707078 0.015248246
0.989702225 -0.092417255 0.109309688 0.344098866 0.042287793 0.918334663 0.393539250 0.091872357 -0.136752695 -0.384864211 0.912785947 0.014158875
0.989562273 -0.091340668 0.111460812 0.338629246 0.040472500 0.918488979 0.393370092 0.090974391 -0.138306215 -0.384753108 0.912598729 0.012798242
0.989588737 -0.091220215 0.111324079 0.330436140 0.040551268 0.918872952 0.392464221 0.089834973 -0.138093352 -0.383863837 0.913005352 0.010967612
0.989841104 -0.090126224 0.109963775 0.320432663 0.040171210 0.919188380 0.391764075 0.088420622 -0.136385635 -0.383366823 0.913470805 0.008683622
0.990270793 -0.090709589 0.105524644 0.308547288 0.042351328 0.918823481 0.392389983 0.088295758 -0.132552043 -0.384103239 0.913725734 0.005827859
0.990999639 -0.087543391 0.101271145 0.295115530 0.040739898 0.917870164 0.394784212 0.089137897 -0.127514496 -0.387105227 0.913175523 0.003047686
0.991498530 -0.085835606 0.097791381 0.280099303 0.040160477 0.916734695 0.397472799 0.090017386 -0.123766080 -0.390166312 0.912388206 0.001068596
0.992019713 -0.084657364 0.093434595 0.263250649 0.040611282 0.916108429 0.398868561 0.090824366 -0.119363382 -0.391891003 0.912235677 -0.001210272
0.992619932 -0.083312497 0.088118553 0.245114118 0.041484706 0.916091144 0.398818344 0.091051742 -0.113951191 -0.392219424 0.912786365 -0.003444944
0.993225098 -0.081042223 0.083282977 0.225650802 0.041537944 0.916929424 0.396881551 0.091532007 -0.108528763 -0.390733302 0.914083719 -0.006206162
0.993934155 -0.077168331 0.078358322 0.204973415 0.040347159 0.918677092 0.392943144 0.091298774 -0.102308780 -0.387398005 0.916218162 -0.009167742
0.994670749 -0.073189005 0.072618417 0.183764935 0.039408520 0.920738280 0.388185531 0.090338990 -0.095273457 -0.383255005 0.918715715 -0.012592934
0.995395005 -0.067636214 0.067928009 0.161776379 0.036582120 0.923024833 0.382997364 0.089490980 -0.088603728 -0.378748655 0.921248555 -0.015493231
0.995867848 -0.064393178 0.064035609 0.139191344 0.035494603 0.925041974 0.378202915 0.087912425 -0.083589323 -0.374367267 0.923505306 -0.018705318
0.996284962 -0.062226482 0.059533123 0.116406828 0.035360795 0.925923645 0.376052022 0.086188860 -0.078523502 -0.372549802 0.924684227 -0.021478064
0.996683776 -0.059131395 0.055900820 0.092667498 0.033870395 0.926107526 0.375736058 0.085855000 -0.073987976 -0.372596622 0.925039172 -0.024043135
0.997214377 -0.054166690 0.051277090 0.068287663 0.030808959 0.925213993 0.378193021 0.085564002 -0.067927748 -0.375559747 0.924305618 -0.026899606
0.997620165 -0.050780173 0.046641387 0.043741554 0.029112013 0.923421681 0.382681310 0.085719146 -0.062502280 -0.380412698 0.922702372 -0.029794367
0.998044133 -0.044991903 0.043403149 0.019310499 0.024799777 0.922265708 0.385760367 0.087426476 -0.057385318 -0.383929431 0.921577632 -0.031216608
0.998281062 -0.041068148 0.041812427 -0.004408166 0.021747982 0.922067881 0.386416733 0.088333599 -0.054423310 -0.384843171 0.921376109 -0.033198159
0.998441756 -0.038907625 0.040003382 -0.028659817 0.020524789 0.922647476 0.385097921 0.089549527 -0.051892258 -0.383676797 0.922008276 -0.034796081
0.998619974 -0.037402064 0.036865134 -0.052817002 0.020448096 0.923502982 0.383045822 0.090779744 -0.048371762 -0.381763428 0.922993481 -0.036057997
0.998795450 -0.035024088 0.034365565 -0.076064289 0.019345697 0.924713314 0.380172551 0.092868842 -0.045093480 -0.379049778 0.924276948 -0.037715349
0.998982251 -0.031866968 0.031921983 -0.099599324 0.017446125 0.925618470 0.378055573 0.094681375 -0.041595064 -0.377113789 0.925232351 -0.039403837
0.999104381 -0.029952450 0.029887859 -0.122817844 0.016503587 0.926245868 0.376558453 0.096625477 -0.038962353 -0.375727952 0.925910652 -0.041131426
0.999337971 -0.027757598 0.023518469 -0.145993263 0.016821804 0.925731838 0.377806276 0.098681599 -0.032258790 -0.377160549 0.925585926 -0.042649977
0.999573827 -0.024964642 0.015130845 -0.166774407 0.017334221 0.924640417 0.380446672 0.102616854 -0.023488309 -0.380022287 0.924679041 -0.043870315
0.999741375 -0.021333681 0.007871659 -0.186415732 0.016628381 0.921986103 0.386865735 0.105479106 -0.015510828 -0.386634856 0.922102451 -0.045118093
0.999823928 -0.018758481 -0.000394506 -0.204664379 0.017408760 0.919631779 0.392395645 0.109085239 -0.006997945 -0.392333478 0.919796526 -0.046233710
0.999815345 -0.016951453 -0.009051699 -0.221732214 0.019150540 0.917991996 0.396136343 0.111450277 0.001594301 -0.396236479 0.918147087 -0.048065118
0.999704659 -0.015678059 -0.018569190 -0.235937789 0.021740545 0.918417037 0.395015866 0.114132524 0.010861177 -0.395302892 0.918486595 -0.049211033
0.999602675 -0.013646551 -0.024662763 -0.248209044 0.022199193 0.920331597 0.390508741 0.114654720 0.017368823 -0.390901029 0.920268834 -0.050325178
0.999464512 -0.012185203 -0.030372351 -0.258295476 0.022931485 0.922905326 0.384343475 0.115085922 0.023347501 -0.384834081 0.922690332 -0.051341075
0.999289393 -0.011758708 -0.035810672 -0.265635043 0.024425730 0.925622225 0.377659887 0.115042701 0.028706359 -0.378266215 0.925251663 -0.052220840
0.999222040 -0.010267623 -0.038075697 -0.269558102 0.023770545 0.927214563 0.373775572 0.114503421 0.031466555 -0.374389857 0.926737368 -0.052994974
0.999228001 -0.008824129 -0.038283076 -0.269746900 0.022463692 0.927769184 0.372477800 0.113606013 0.032231066 -0.373050213 0.927251160 -0.054281872
0.999325275 -0.006645094 -0.036124259 -0.267100930 0.019681785 0.927261233 0.373897374 0.113066688 0.031012040 -0.374356061 0.926766336 -0.055670418
0.999473035 -0.006440873 -0.031816445 -0.261337191 0.017941326 0.926421463 0.376060277 0.112359978 0.027053282 -0.376432896 0.926048756 -0.056825057
0.999651194 -0.005691119 -0.025790263 -0.252952665 0.014994437 0.926164985 0.376820177 0.112059817 0.021741515 -0.377075434 0.925927341 -0.058253996
0.999813855 -0.006415711 -0.018200178 -0.241151318 0.012802694 0.926200569 0.376813740 0.110723346 0.014439492 -0.376976550 0.926110208 -0.059554063
0.999923348 -0.005573411 -0.011056487 -0.227054238 0.009314252 0.926935434 0.375105292 0.108775392 0.008158032 -0.375179559 0.926916301 -0.061277427
0.999978781 -0.005536084 -0.003437343 -0.211102352 0.006417805 0.928103149 0.372267872 0.107058816 0.001129301 -0.372282028 0.928119063 -0.062512457
0.999979854 -0.005847977 0.002464420 -0.193141863 0.004525383 0.929372549 0.369115531 0.105188675 -0.004448946 -0.369096935 0.929380298 -0.063956678
0.999932408 -0.007481124 0.008900484 -0.173840091 0.003692117 0.930190325 0.367058903 0.104003094 -0.011025160 -0.367001176 0.930155098 -0.064771220
0.999853790 -0.008986640 0.014550401 -0.153290391 0.003015490 0.930118501 0.367247045 0.103171691 -0.016833916 -0.367149472 0.930009663 -0.064587764
0.999722600 -0.013254126 0.019467218 -0.131705582 0.005115606 0.929077804 0.369848728 0.102502815 -0.022988588 -0.369646549 0.928888083 -0.063936234
0.999638319 -0.017633263 0.020305036 -0.109481469 0.008733827 0.926973522 0.375025064 0.101847053 -0.025435150 -0.374712139 0.926792264 -0.063416556
0.999511540 -0.022541601 0.021645736 -0.086513892 0.012603085 0.924548984 0.380854785 0.101734161 -0.028597621 -0.380396008 0.924381435 -0.062054507
0.999384463 -0.025271989 0.024332119 -0.062921420 0.013932233 0.922455132 0.385852814 0.101530723 -0.032196563 -0.385276377 0.922239363 -0.060605168
0.999251544 -0.026285652 0.028381448 -0.039164867 0.013216333 0.921506107 0.388139039 0.101536289 -0.036356159 -0.387473434 0.921163738 -0.059254788
0.999216437 -0.027534071 0.028430657 -0.015180874 0.014349731 0.921501696 0.388109326 0.101879343 -0.036885131 -0.387397230 0.921174705 -0.056780323
0.999231815 -0.029093685 0.026256748 0.008188061 0.016696865 0.922180355 0.386399508 0.101467766 -0.035455246 -0.385664254 0.921957731 -0.054893598
0.999249756 -0.030279526 0.024145292 0.030699009 0.018651340 0.922654569 0.385176331 0.100796178 -0.033940725 -0.384437054 0.922527015 -0.052639261
0.999146640 -0.033983789 0.023473628 0.052933827 0.022347985 0.922770739 0.384700984 0.100270852 -0.034734376 -0.383848101 0.922742724 -0.050332569
0.999054968 -0.036323506 0.023868382 0.073786892 0.024300899 0.922118366 0.386144191 0.099575512 -0.036035582 -0.385199249 0.922129631 -0.048189342
0.998915672 -0.038882412 0.025605883 0.093595952 0.025894448 0.921087384 0.388493836 0.099970795 -0.038690835 -0.387409449 0.921095550 -0.045433842
0.998766840 -0.040526304 0.028674327 0.111656360 0.026110077 0.920062065 0.390901476 0.101101816 -0.042223960 -0.389670730 0.919985771 -0.042506963
0.998523831 -0.042940557 0.033261970 0.127110869 0.026394594 0.918814421 0.393806309 0.102546908 -0.047471844 -0.392347008 0.918591440 -0.039497167
0.998273611 -0.046055607 0.036449425 0.140678972 0.027951486 0.918331683 0.394823670 0.104793288 -0.051656500 -0.393123209 0.918033659 -0.036512539
0.998019516 -0.049456976 0.038870793 0.151530668 0.030120686 0.918217540 0.394929588 0.107671760 -0.055223867 -0.392976612 0.917888701 -0.032633331
0.997767866 -0.050264329 0.043964282 0.161920726 0.028936001 0.918771207 0.393728673 0.109809414 -0.060183637 -0.391577631 0.918174684 -0.028777741
0.996989965 -0.053733539 0.055889323 0.171140268 0.027962521 0.921568394 0.387207627 0.112245336 -0.072311878 -0.384479314 0.920297027 -0.023578802
0.995679140 -0.058204815 0.072354361 0.179076314 0.026907885 0.926591694 0.375104904 0.115089506 -0.088875867 -0.371537209 0.924154341 -0.017798733
0.994395018 -0.060696125 0.086570852 0.185267240 0.025817897 0.933413327 0.357873052 0.116733387 -0.102527894 -0.353632063 0.929748535 -0.012193911
0.993429422 -0.059486840 0.097772509 0.190208405 0.022974769 0.940569222 0.338824064 0.117575847 -0.112117395 -0.334351420 0.935755730 -0.007214040
0.992224276 -0.057317227 0.110479489 0.193875030 0.019214828 0.947551727 0.319024116 0.117620692 -0.122970626 -0.314420611 0.941285193 -0.002478596
0.990788221 -0.056349114 0.123140231 0.197250620 0.017196568 0.954308152 0.298328727 0.116788007 -0.134324312 -0.293462992 0.946486354 0.001915187
0.989421248 -0.057388093 0.133237094 0.200068980 0.017748715 0.959415019 0.281438500 0.115373015 -0.143980891 -0.276096404 0.950284362 0.005630806
0.987920582 -0.060557779 0.142638505 0.203523338 0.019821186 0.962300241 0.271266222 0.113457903 -0.153688341 -0.265162140 0.951876521 0.009631202
0.986389756 -0.068336844 0.149550110 0.206800297 0.025635945 0.962336004 0.270651519 0.111933507 -0.162412941 -0.263134003 0.950990319 0.013369571
0.984667122 -0.076487318 0.156781137 0.211530358 0.030319512 0.960109055 0.277977020 0.110204071 -0.171788737 -0.268961221 0.947706997 0.018839110
0.982257843 -0.087023295 0.166121706 0.217422351 0.036532484 0.957637787 0.285648823 0.108241796 -0.183942527 -0.274511933 0.943826437 0.026120704
0.979872048 -0.097426608 0.174238116 0.224468410 0.042740203 0.954967201 0.293617070 0.105944328 -0.194997773 -0.280260146 0.939909637 0.034507468
0.977548242 -0.106658101 0.181723744 0.231800973 0.047771201 0.952152789 0.301865697 0.103616074 -0.205225170 -0.286407113 0.935870469 0.044001020
0.975737691 -0.113388225 0.187293917 0.238538727 0.050449762 0.948866487 0.311620235 0.101268493 -0.213050976 -0.294610560 0.931565285 0.054466680
0.974715412 -0.117869727 0.189833090 0.245416805 0.051678386 0.945435345 0.321685076 0.097910553 -0.217391893 -0.303741097 0.927621722 0.066294961
0.974697828 -0.119704366 0.188772202 0.250515580 0.051993478 0.942768812 0.329368412 0.094869092 -0.217395380 -0.311219782 0.925138533 0.077836946
0.974964440 -0.125085264 0.183842957 0.253741920 0.057192136 0.940023601 0.336280555 0.090694189 -0.214880481 -0.317347169 0.923643470 0.091048859
0.976542175 -0.125454366 0.175004452 0.254748076 0.059344228 0.938071072 0.341322482 0.086184584 -0.206986979 -0.322930306 0.923510969 0.104653880
0.978567421 -0.123463660 0.164810702 0.253383458 0.060860977 0.937981725 0.341300994 0.080964848 -0.196727708 -0.323955506 0.925392449 0.119477957
0.981569350 -0.116369836 0.151590541 0.249775454 0.059538007 0.939959764 0.336051792 0.075265624 -0.181595311 -0.320832700 0.929564178 0.134141415
0.984534800 -0.106965616 0.138743103 0.243259311 0.056494720 0.943502963 0.326512545 0.069590397 -0.165830165 -0.313624620 0.934954464 0.149301648
0.987801552 -0.094950251 0.123420790 0.234934688 0.051627770 0.947455704 0.315693647 0.064770214 -0.146910906 -0.305470675 0.940800071 0.164454043
0.990691960 -0.081229463 0.109230451 0.224110588 0.043962631 0.950366139 0.308012128 0.060354568 -0.128828570 -0.300343007 0.945091248 0.179551080
0.993377268 -0.067944713 0.092656516 0.210908517 0.036927149 0.952429116 0.302514613 0.056811418 -0.108803049 -0.297089577 0.948630452 0.193734631
0.995876610 -0.055342700 0.071881711 0.194616422 0.031238202 0.953105211 0.301022649 0.053854045 -0.085170239 -0.297535896 0.950904012 0.206373736
0.997879207 -0.044636842 0.047377974 0.175261110 0.028312687 0.953025818 0.301562697 0.050376203 -0.058613252 -0.299581736 0.952268481 0.215437174
0.999201357 -0.035762753 0.017824043 0.153172851 0.028648259 0.952122390 0.304371983 0.049349695 -0.027855847 -0.303618222 0.952386498 0.222816616
0.999650240 -0.024266671 -0.010514565 0.128181025 0.026329204 0.950606287 0.309280604 0.050021093 0.002489999 -0.309449255 0.950912654 0.228049040
0.999235451 -0.012527066 -0.037035402 0.100283302 0.023568558 0.948811948 0.314961046 0.051091660 0.031194089 -0.315593094 0.948381841 0.228110150
0.997877419 -0.000650688 -0.065118812 0.070878208 0.021529276 0.947020531 0.320450604 0.053541817 0.061460339 -0.321172357 0.945024252 0.224935889
0.995763123 0.012154369 -0.091148771 0.040527761 0.018268527 0.945320368 0.325631350 0.056818716 0.090122625 -0.325916857 0.941093087 0.218762726
0.993179381 0.027167069 -0.113387533 0.008709686 0.011741733 0.944229066 0.329080105 0.060585119 0.116003938 -0.328166991 0.937469780 0.208096981
0.989584267 0.036038518 -0.139370754 -0.021752395 0.012299522 0.943449259 0.331288576 0.064933866 0.143428400 -0.329552084 0.933179319 0.193313703
0.985996246 0.038346503 -0.162299275 -0.051536553 0.017944138 0.943159878 0.331854433 0.069251418 0.165799648 -0.330119580 0.929263949 0.177577540
